1 -1 -1 14 2 50 33
1 -1 -1 14 3 46 34
1 -1 -1 10 2 46 36
1 -1 -1 17 5 51 33
1 -1 -1 13 2 55 35
1 -1 -1 16 2 48 31
1 -1 -1 14 2 52 34
1 -1 -1 14 1 49 36
1 -1 -1 13 2 44 32
1 -1 -1 16 6 50 35
1 -1 -1 13 2 44 30
1 -1 -1 16 2 47 32
1 -1 -1 14 3 48 30
1 -1 -1 16 2 51 38
1 -1 -1 19 2 48 34
1 -1 -1 16 2 50 30
1 -1 -1 12 2 50 32
1 -1 -1 11 1 43 30
1 -1 -1 12 2 58 40
1 -1 -1 19 4 51 38
1 -1 -1 14 2 49 30
1 -1 -1 14 2 51 35
1 -1 -1 16 4 50 34
1 -1 -1 14 2 46 32
1 -1 -1 15 4 57 44
1 -1 -1 14 2 50 36
1 -1 -1 15 4 54 34
1 -1 -1 15 1 52 41
1 -1 -1 14 2 55 42
1 -1 -1 15 2 49 31
1 -1 -1 17 4 54 39
1 -1 -1 15 2 50 34
1 -1 -1 14 2 44 29
1 -1 -1 13 2 47 32
1 -1 -1 15 2 46 31
1 -1 -1 15 2 51 34
1 -1 -1 13 3 50 35
1 -1 -1 15 1 49 31
1 -1 -1 15 2 54 37
1 -1 -1 13 4 54 39
1 -1 -1 14 3 51 35
1 -1 -1 16 2 48 34
1 -1 -1 14 1 48 30
1 -1 -1 13 3 45 23
1 -1 -1 17 3 57 38
1 -1 -1 15 3 51 38
1 -1 -1 17 2 54 34
1 -1 -1 15 4 51 37
1 -1 -1 15 2 52 35
1 -1 -1 15 2 53 37
