1 0 0 14 2 50 33
1 0 0 14 3 46 34
1 0 0 10 2 46 36
1 0 0 17 5 51 33
1 0 0 13 2 55 35
1 0 0 16 2 48 31
1 0 0 14 2 52 34
1 0 0 14 1 49 36
1 0 0 13 2 44 32
1 0 0 16 6 50 35
1 0 0 13 2 44 30
1 0 0 16 2 47 32
1 0 0 14 3 48 30
1 0 0 16 2 51 38
1 0 0 19 2 48 34
1 0 0 16 2 50 30
1 0 0 12 2 50 32
1 0 0 11 1 43 30
1 0 0 12 2 58 40
1 0 0 19 4 51 38
1 0 0 14 2 49 30
1 0 0 14 2 51 35
1 0 0 16 4 50 34
1 0 0 14 2 46 32
1 0 0 15 4 57 44
1 0 0 14 2 50 36
1 0 0 15 4 54 34
1 0 0 15 1 52 41
1 0 0 14 2 55 42
1 0 0 15 2 49 31
1 0 0 17 4 54 39
1 0 0 15 2 50 34
1 0 0 14 2 44 29
1 0 0 13 2 47 32
1 0 0 15 2 46 31
1 0 0 15 2 51 34
1 0 0 13 3 50 35
1 0 0 15 1 49 31
1 0 0 15 2 54 37
1 0 0 13 4 54 39
1 0 0 14 3 51 35
1 0 0 16 2 48 34
1 0 0 14 1 48 30
1 0 0 13 3 45 23
1 0 0 17 3 57 38
1 0 0 15 3 51 38
1 0 0 17 2 54 34
1 0 0 15 4 51 37
1 0 0 15 2 52 35
1 0 0 15 2 53 37
0 1 0 46 15 65 28
0 1 0 45 15 62 22
0 1 0 48 18 59 32
0 1 0 46 14 61 30
0 1 0 51 16 60 27
0 1 0 39 11 56 25
0 1 0 45 13 57 28
0 1 0 47 16 63 33
0 1 0 47 14 70 32
0 1 0 45 15 64 32
0 1 0 40 13 61 28
0 1 0 38 11 55 24
0 1 0 45 15 54 30
0 1 0 40 12 58 26
0 1 0 44 12 55 26
0 1 0 33 10 50 23
0 1 0 44 14 67 31
0 1 0 45 15 56 30
0 1 0 41 10 58 27
0 1 0 45 15 60 29
0 1 0 35 10 57 26
0 1 0 42 13 57 29
0 1 0 33 10 49 24
0 1 0 42 13 56 27
0 1 0 42 12 57 30
0 1 0 46 13 66 29
0 1 0 39 14 52 27
0 1 0 45 16 60 34
0 1 0 35 10 50 20
0 1 0 37 10 55 24
0 1 0 39 12 58 27
0 1 0 43 13 62 29
0 1 0 42 15 59 30
0 1 0 40 10 60 22
0 1 0 47 15 67 31
0 1 0 44 13 63 23
0 1 0 41 13 56 30
0 1 0 49 15 63 25
0 1 0 47 12 61 28
0 1 0 43 13 64 29
0 1 0 30 11 51 25
0 1 0 41 13 57 28
0 1 0 47 14 61 29
0 1 0 36 13 56 29
0 1 0 49 15 69 31
0 1 0 40 13 55 25
0 1 0 40 13 55 23
0 1 0 44 14 66 30
0 1 0 48 14 68 28
0 1 0 50 17 67 30
0 0 1 56 22 64 28
0 0 1 56 24 67 31
0 0 1 51 15 63 28
0 0 1 51 23 69 31
0 0 1 52 20 65 30
0 0 1 55 18 65 30
0 0 1 51 19 58 27
0 0 1 59 23 68 32
0 0 1 54 23 62 34
0 0 1 67 22 77 38
0 0 1 57 25 67 33
0 0 1 66 21 76 30
0 0 1 45 17 49 25
0 0 1 52 23 67 30
0 0 1 51 18 59 30
0 0 1 50 19 63 25
0 0 1 53 23 64 32
0 0 1 64 20 79 38
0 0 1 57 21 67 33
0 0 1 67 20 77 28
0 0 1 49 18 63 27
0 0 1 60 18 72 32
0 0 1 49 18 61 30
0 0 1 56 14 61 26
0 0 1 56 21 64 28
0 0 1 48 18 62 28
0 0 1 61 23 77 30
0 0 1 56 24 63 34
0 0 1 51 19 58 27
0 0 1 58 16 72 30
0 0 1 59 21 71 30
0 0 1 55 18 64 31
0 0 1 48 18 60 30
0 0 1 56 18 63 29
0 0 1 69 23 77 26
0 0 1 50 15 60 22
0 0 1 57 23 69 32
0 0 1 61 19 74 28
0 0 1 49 20 56 28
0 0 1 63 18 73 29
0 0 1 58 18 67 25
0 0 1 58 22 65 30
0 0 1 54 21 69 31
0 0 1 61 25 72 36
0 0 1 51 20 65 32
0 0 1 53 19 64 27
0 0 1 55 21 68 30
0 0 1 50 20 57 25
0 0 1 51 24 58 28
0 0 1 60 25 63 33
