0 1 -1 46 15 65 28
0 1 -1 45 15 62 22
0 1 -1 48 18 59 32
0 1 -1 46 14 61 30
0 1 -1 51 16 60 27
0 1 -1 39 11 56 25
0 1 -1 45 13 57 28
0 1 -1 47 16 63 33
0 1 -1 47 14 70 32
0 1 -1 45 15 64 32
0 1 -1 40 13 61 28
0 1 -1 38 11 55 24
0 1 -1 45 15 54 30
0 1 -1 40 12 58 26
0 1 -1 44 12 55 26
0 1 -1 33 10 50 23
0 1 -1 44 14 67 31
0 1 -1 45 15 56 30
0 1 -1 41 10 58 27
0 1 -1 45 15 60 29
0 1 -1 35 10 57 26
0 1 -1 42 13 57 29
0 1 -1 33 10 49 24
0 1 -1 42 13 56 27
0 1 -1 42 12 57 30
0 1 -1 46 13 66 29
0 1 -1 39 14 52 27
0 1 -1 45 16 60 34
0 1 -1 35 10 50 20
0 1 -1 37 10 55 24
0 1 -1 39 12 58 27
0 1 -1 43 13 62 29
0 1 -1 42 15 59 30
0 1 -1 40 10 60 22
0 1 -1 47 15 67 31
0 1 -1 44 13 63 23
0 1 -1 41 13 56 30
0 1 -1 49 15 63 25
0 1 -1 47 12 61 28
0 1 -1 43 13 64 29
0 1 -1 30 11 51 25
0 1 -1 41 13 57 28
0 1 -1 47 14 61 29
0 1 -1 36 13 56 29
0 1 -1 49 15 69 31
0 1 -1 40 13 55 25
0 1 -1 40 13 55 23
0 1 -1 44 14 66 30
0 1 -1 48 14 68 28
0 1 -1 50 17 67 30
0 -1 1 56 22 64 28
0 -1 1 56 24 67 31
0 -1 1 51 15 63 28
0 -1 1 51 23 69 31
0 -1 1 52 20 65 30
0 -1 1 55 18 65 30
0 -1 1 51 19 58 27
0 -1 1 59 23 68 32
0 -1 1 54 23 62 34
0 -1 1 67 22 77 38
0 -1 1 57 25 67 33
0 -1 1 66 21 76 30
0 -1 1 45 17 49 25
0 -1 1 52 23 67 30
0 -1 1 51 18 59 30
0 -1 1 50 19 63 25
0 -1 1 53 23 64 32
0 -1 1 64 20 79 38
0 -1 1 57 21 67 33
0 -1 1 67 20 77 28
0 -1 1 49 18 63 27
0 -1 1 60 18 72 32
0 -1 1 49 18 61 30
0 -1 1 56 14 61 26
0 -1 1 56 21 64 28
0 -1 1 48 18 62 28
0 -1 1 61 23 77 30
0 -1 1 56 24 63 34
0 -1 1 51 19 58 27
0 -1 1 58 16 72 30
0 -1 1 59 21 71 30
0 -1 1 55 18 64 31
0 -1 1 48 18 60 30
0 -1 1 56 18 63 29
0 -1 1 69 23 77 26
0 -1 1 50 15 60 22
0 -1 1 57 23 69 32
0 -1 1 61 19 74 28
0 -1 1 49 20 56 28
0 -1 1 63 18 73 29
0 -1 1 58 18 67 25
0 -1 1 58 22 65 30
0 -1 1 54 21 69 31
0 -1 1 61 25 72 36
0 -1 1 51 20 65 32
0 -1 1 53 19 64 27
0 -1 1 55 21 68 30
0 -1 1 50 20 57 25
0 -1 1 51 24 58 28
0 -1 1 60 25 63 33
